# URL: https://cp2k-basis.pierrebeaujean.net/api/basis/DZVP-MOLOPT-PBE-GTH/data?elements=H,C,O,S,Zn,Se,Cd
# BUILD: 06/08/2024 @ 14:19
# FETCHED: 26/09/2024 @ 19:47
# ---
# H [10s5p|2s1p]
# SOURCE: https://github.com/cp2k/cp2k/raw/ac0226eb549c7ef1ea50d0597d545f29d4c8fc87/data/BASIS_MOLOPT_UZH#L38
H  DZVP-MOLOPT-PBE-GTH-q1 DZVP-MOLOPT-GGA-GTH-q1
1
2 0 1 5 2 1
  9.586641744358  0.028188454243 -0.011916098826 -0.104299547500
  2.202359864130  0.137112096750 -0.048501541876  0.333755971437
  0.604094259906  0.421114159535 -0.107830568846  0.500163684961
  0.146497785045  0.825868105506 -0.330879704789  0.775957173703
  0.139525796829  0.347865521314  0.936160668051 -0.159547199117
# C [10s10p5d|2s2p1d]
# SOURCE: https://github.com/cp2k/cp2k/raw/ac0226eb549c7ef1ea50d0597d545f29d4c8fc87/data/BASIS_MOLOPT_UZH#L247
C  DZVP-MOLOPT-PBE-GTH-q4 DZVP-MOLOPT-GGA-GTH-q4
1
2 0 2 5 2 2 1
  5.599010148389 -0.183155884315  0.271865072691 -0.100123645516  0.068244768723 -0.173822854586
  2.008517065765 -0.226760185785  0.169561479343 -0.297554402435  0.224325818590  0.377132855011
  0.755556902398  0.542190226433 -0.127427898476 -0.637108775555  0.250865801382  0.386633624919
  0.292157746786  0.767230367969 -0.015197027492 -0.651044286484  0.027518990556  0.821960762038
  0.105327964260  0.180058493303  0.938546465562 -0.267713239022 -0.938791581508 -0.049511318364
# O [10s10p5d|2s2p1d]
# SOURCE: https://github.com/cp2k/cp2k/raw/ac0226eb549c7ef1ea50d0597d545f29d4c8fc87/data/BASIS_MOLOPT_UZH#L309
O  DZVP-MOLOPT-PBE-GTH-q6 DZVP-MOLOPT-GGA-GTH-q6
1
2 0 2 5 2 2 1
 10.277042424065 -0.149868256025  0.048759688626 -0.092477972588  0.069652198011 -0.067753697289
  3.564052538806 -0.150283608565  0.038882119766 -0.290527105694  0.215775427853  0.182303508691
  1.313635632268  0.539068797290 -0.125699044360 -0.518398147192  0.367414070471  0.334682703086
  0.488903246714  0.802346121883 -0.075751253852 -0.626250099252  0.267796450585  0.910370319697
  0.155331533694  0.143526566604  0.987204219660 -0.496100795824 -0.861325430904 -0.146247176017
# S [8s8p4d|2s2p1d]
# SOURCE: https://github.com/cp2k/cp2k/raw/ac0226eb549c7ef1ea50d0597d545f29d4c8fc87/data/BASIS_MOLOPT_UZH#L579
S  DZVP-MOLOPT-PBE-GTH-q6 DZVP-MOLOPT-GGA-GTH-q6
1
2 0 2 4 2 2 1
  1.909284730043  0.315669989593 -0.165456324788  0.212914054759  0.155419933936  0.076980106864
  1.195069245903 -0.061885955362 -0.093867316141 -0.346018377110 -0.207811881091  0.374453729278
  0.372556504596 -0.761235407878  0.543670742015 -0.819216679563 -0.321721314228  0.899702285349
  0.119645588713 -0.563065928637 -0.817456577333 -0.404750441524  0.910579080687  0.210699467287
# Zn [12s12p12d6f|2s2p2d1f]
# SOURCE: https://github.com/cp2k/cp2k/raw/ac0226eb549c7ef1ea50d0597d545f29d4c8fc87/data/BASIS_MOLOPT_UZH#L1045
Zn  DZVP-MOLOPT-PBE-GTH-q12 DZVP-MOLOPT-GGA-GTH-q12
1
2 0 3 6 2 2 2 1
  6.104274588483  0.007499096953 -0.009121260416  0.002458428073  0.000935763492  0.531992074290 -0.075037722721 -0.002144148160
  2.638266925093 -0.034508702123  0.088826029921 -0.020595059782 -0.015736330719  0.622085055349 -0.181401955612  0.006573673152
  1.000684346233  0.284011527066 -0.458715131760 -0.052760991956 -0.219777611860  0.508895210426 -0.149994614187  0.123016435885
  0.376910814284 -0.081667540589  0.445143863750  0.185391191331  0.536092973665  0.260619445319  0.762585987257  0.602174174921
  0.139192917010 -0.721723036542  0.351833659529 -0.018483495098  0.808951786263  0.055189788794  0.572477028397  0.747452720103
  0.047979283824 -0.624929305486 -0.677987598337 -0.980853987073  0.098237592890 -0.007202329050  0.172328031327  0.252031427050
# Se [8s8p4d|2s2p1d]
# SOURCE: https://github.com/cp2k/cp2k/raw/ac0226eb549c7ef1ea50d0597d545f29d4c8fc87/data/BASIS_MOLOPT_UZH#L1165
Se  DZVP-MOLOPT-PBE-GTH-q6 DZVP-MOLOPT-GGA-GTH-q6
1
2 0 2 4 2 2 1
  1.243061598689  0.534735306517  0.423766574856  0.161199885109  0.598353664982  0.365360762594
  1.079560225439 -0.499920482020 -0.254828649693 -0.195400759620 -0.639182416067 -0.517959844602
  0.277731014404 -0.287243581783 -0.412731845028 -0.290045738477 -0.337334593136 -0.762600486996
  0.091126976634 -0.617761109447  0.764942268037 -0.922879520724  0.345867175180 -0.129110842958
# Cd [10s10p10d5f|2s2p2d1f]
# SOURCE: https://github.com/cp2k/cp2k/raw/ac0226eb549c7ef1ea50d0597d545f29d4c8fc87/data/BASIS_MOLOPT_UZH#L1631
Cd  DZVP-MOLOPT-PBE-GTH-q12 DZVP-MOLOPT-GGA-GTH-q12
1
2 0 3 5 2 2 2 1
  2.555604821264  0.053525938967 -0.062487141708 -0.003105571387 -0.045147185180 -0.469210159640 -0.004364769205 -0.010057011181
  1.220876644234 -0.126721502482  0.182542672616 -0.068886487957  0.136946957262 -0.677964045070 -0.394486584513 -0.021337104540
  0.530907576504 -0.439408103279  0.115435392177  0.151052337883  0.257183362415 -0.518485633561  0.334851989790 -0.651173567269
  0.220573155453  0.679819747304 -0.557478178080 -0.065856468456 -0.950939922771 -0.226632505427  0.409418640977 -0.755724344978
  0.070883695744  0.570825949493  0.799165990889  0.983916217971 -0.093686946496 -0.004115210555  0.751406550932 -0.065553674143

