# URL: https://cp2k-basis.pierrebeaujean.net/api/basis/TZV2P-MOLOPT-PBE-GTH/data?elements=H,C,O,S,Zn,Se,Cd
# BUILD: 06/08/2024 @ 14:19
# FETCHED: 30/01/2025 @ 23:55
# ---
# H [15s10p5d|3s2p1d]
# SOURCE: https://github.com/cp2k/cp2k/raw/ac0226eb549c7ef1ea50d0597d545f29d4c8fc87/data/BASIS_MOLOPT_UZH#L20
H  TZV2P-MOLOPT-PBE-GTH-q1 TZV2P-MOLOPT-GGA-GTH-q1
1
2 0 2 5 3 2 1
  9.586641744358  0.028188454243 -0.011916098826  0.134080139040 -0.104299547500  0.092100838150  0.001282908826
  2.202359864130  0.137112096750 -0.048501541876  0.044003865861  0.333755971437  0.054142293530 -0.003109717264
  0.604094259906  0.421114159535 -0.107830568846 -0.893820315308  0.500163684961  0.094052167299 -0.018309182984
  0.146497785045  0.825868105506 -0.330879704789  0.422646211608  0.775957173703  0.130219064638 -0.002964556714
  0.139525796829  0.347865521314  0.936160668051  0.050414282314 -0.159547199117  0.981215181647  0.999822318727
# C [15s15p10d5f|3s3p2d1f]
# SOURCE: https://github.com/cp2k/cp2k/raw/ac0226eb549c7ef1ea50d0597d545f29d4c8fc87/data/BASIS_MOLOPT_UZH#L229
C  TZV2P-MOLOPT-PBE-GTH-q4 TZV2P-MOLOPT-GGA-GTH-q4
1
2 0 3 5 3 3 2 1
  5.599010148389 -0.183155884315  0.271865072691 -0.811364675780 -0.100123645516  0.068244768723  0.065691576062 -0.173822854586 -0.023529610384 -0.002130299031
  2.008517065765 -0.226760185785  0.169561479343 -0.177568284361 -0.297554402435  0.224325818590  0.667176955837  0.377132855011  0.008268393444 -0.006077197911
  0.755556902398  0.542190226433 -0.127427898476  0.182912537382 -0.637108775555  0.250865801382  0.262214609321  0.386633624919  0.034673854633  0.012691342007
  0.292157746786  0.767230367969 -0.015197027492 -0.442268380739 -0.651044286484  0.027518990556 -0.660009085173  0.821960762038  0.035064103623  0.999896361922
  0.105327964260  0.180058493303  0.938546465562  0.284778072105 -0.267713239022 -0.938791581508  0.214920991488 -0.049511318364  0.998471944296  0.002173647786
# O [15s15p10d5f|3s3p2d1f]
# SOURCE: https://github.com/cp2k/cp2k/raw/ac0226eb549c7ef1ea50d0597d545f29d4c8fc87/data/BASIS_MOLOPT_UZH#L291
O  TZV2P-MOLOPT-PBE-GTH-q6 TZV2P-MOLOPT-GGA-GTH-q6
1
2 0 3 5 3 3 2 1
 10.277042424065 -0.149868256025  0.048759688626 -0.553669874920 -0.092477972588  0.069652198011  0.120727677711 -0.067753697289 -0.013910765583 -0.024206847213
  3.564052538806 -0.150283608565  0.038882119766 -0.192378825214 -0.290527105694  0.215775427853  0.418617946995  0.182303508691  0.026496404980  0.013353560441
  1.313635632268  0.539068797290 -0.125699044360  0.591746387587 -0.518398147192  0.367414070471  0.518264995222  0.334682703086  0.059234440813  0.015942914114
  0.488903246714  0.802346121883 -0.075751253852 -0.549213059041 -0.626250099252  0.267796450585 -0.727741038772  0.910370319697  0.130790800129  0.999466389227
  0.155331533694  0.143526566604  0.987204219660  0.068126982700 -0.496100795824 -0.861325430904  0.109445043302 -0.146247176017  0.989186271006 -0.006962130913
# S [12s12p8d4f|3s3p2d1f]
# SOURCE: https://github.com/cp2k/cp2k/raw/ac0226eb549c7ef1ea50d0597d545f29d4c8fc87/data/BASIS_MOLOPT_UZH#L563
S  TZV2P-MOLOPT-PBE-GTH-q6 TZV2P-MOLOPT-GGA-GTH-q6
1
2 0 3 4 3 3 2 1
  1.909284730043  0.315669989593 -0.165456324788  0.310548000190  0.212914054759  0.155419933936 -0.711939992762  0.076980106864 -0.188997576689 -0.106596717424
  1.195069245903 -0.061885955362 -0.093867316141 -0.935734177879 -0.346018377110 -0.207811881091  0.531802271667  0.374453729278  0.911097678001  0.472918833715
  0.372556504596 -0.761235407878  0.543670742015  0.115196623984 -0.819216679563 -0.321721314228 -0.450938487461  0.899702285349 -0.366075556598  0.872423546595
  0.119645588713 -0.563065928637 -0.817456577333  0.121207366732 -0.404750441524  0.910579080687  0.083559984934  0.210699467287  0.013023978202  0.062145570233
# Zn [18s18p18d12f|3s3p3d2f]
# SOURCE: https://github.com/cp2k/cp2k/raw/ac0226eb549c7ef1ea50d0597d545f29d4c8fc87/data/BASIS_MOLOPT_UZH#L1025
Zn  TZV2P-MOLOPT-PBE-GTH-q12 TZV2P-MOLOPT-GGA-GTH-q12
1
2 0 3 6 3 3 3 2
  6.104274588483  0.007499096953 -0.009121260416 -0.074376430239  0.002458428073  0.000935763492  0.034896135963  0.531992074290 -0.075037722721 -0.010855945719 -0.002144148160  0.002262568038
  2.638266925093 -0.034508702123  0.088826029921 -0.001540553803 -0.020595059782 -0.015736330719  0.502191485996  0.622085055349 -0.181401955612  0.066216428471  0.006573673152 -0.002517630819
  1.000684346233  0.284011527066 -0.458715131760  0.321770831405 -0.052760991956 -0.219777611860  0.363752282633  0.508895210426 -0.149994614187  0.000688217018  0.123016435885 -0.076372411160
  0.376910814284 -0.081667540589  0.445143863750  0.884973613107  0.185391191331  0.536092973665  0.687824011103  0.260619445319  0.762585987257 -0.072376574465  0.602174174921 -0.102151759248
  0.139192917010 -0.721723036542  0.351833659529 -0.199758605734 -0.018483495098  0.808951786263 -0.360233920515  0.055189788794  0.572477028397 -0.178540233018  0.747452720103 -0.230388564271
  0.047979283824 -0.624929305486 -0.677987598337  0.260475543796 -0.980853987073  0.098237592890  0.106770315292 -0.007202329050  0.172328031327  0.978969905596  0.252031427050  0.964697841125
# Se [12s12p8d4f|3s3p2d1f]
# SOURCE: https://github.com/cp2k/cp2k/raw/ac0226eb549c7ef1ea50d0597d545f29d4c8fc87/data/BASIS_MOLOPT_UZH#L1149
Se  TZV2P-MOLOPT-PBE-GTH-q6 TZV2P-MOLOPT-GGA-GTH-q6
1
2 0 3 4 3 3 2 1
  1.243061598689  0.534735306517  0.423766574856 -0.355088369710  0.161199885109  0.598353664982  0.187699879356  0.365360762594  0.423095256449 -0.469798856225
  1.079560225439 -0.499920482020 -0.254828649693 -0.816916388917 -0.195400759620 -0.639182416067 -0.383121224211 -0.517959844602 -0.559771263162  0.684757912996
  0.277731014404 -0.287243581783 -0.412731845028  0.427212904341 -0.290045738477 -0.337334593136  0.889147448347 -0.762600486996  0.496363433111  0.553601985734
  0.091126976634 -0.617761109447  0.764942268037  0.155077392228 -0.922879520724  0.345867175180 -0.165540623251 -0.129110842958  0.511145653584 -0.062613709924
# Cd [15s15p15d10f|3s3p3d2f]
# SOURCE: https://github.com/cp2k/cp2k/raw/ac0226eb549c7ef1ea50d0597d545f29d4c8fc87/data/BASIS_MOLOPT_UZH#L1613
Cd  TZV2P-MOLOPT-PBE-GTH-q12 TZV2P-MOLOPT-GGA-GTH-q12
1
2 0 3 5 3 3 3 2
  2.555604821264  0.053525938967 -0.062487141708 -0.244750943198 -0.003105571387 -0.045147185180  0.495288016553 -0.469210159640 -0.004364769205 -0.009817922124 -0.010057011181 -0.005856767827
  1.220876644234 -0.126721502482  0.182542672616  0.848445115125 -0.068886487957  0.136946957262 -0.739688605955 -0.677964045070 -0.394486584513  0.453127728114 -0.021337104540  0.009411901812
  0.530907576504 -0.439408103279  0.115435392177  0.293085480222  0.151052337883  0.257183362415  0.440096936087 -0.518485633561  0.334851989790 -0.389763542892 -0.651173567269 -0.083446993033
  0.220573155453  0.679819747304 -0.557478178080  0.366522303291 -0.065856468456 -0.950939922771  0.000587014042 -0.226632505427  0.409418640977 -0.455475917118 -0.755724344978 -0.014710815420
  0.070883695744  0.570825949493  0.799165990889  0.000406076789  0.983916217971 -0.093686946496 -0.117749263867 -0.004115210555  0.751406550932  0.659700644215 -0.065553674143  0.996341962199

